Steps: 11,
estimated time: 97.25907552827597 min,
processing time: 3.0289855003356934 sec,
nodes: 5864,
edges: 5863,
path: ['[1, 0, 0, 0, 0, 0, 0, 0, 0, 0, 0, 0]', '[2, 0, 0, 0, 0, 0, 0, 0, 0, 0, 0, 0]', '[2, 1, 0, 0, 0, 0, 0, 0, 0, 0, 0, 0]', '[2, 2, 0, 0, 0, 0, 0, 0, 0, 0, 0, 0]', '[2, 3, 0, 0, 0, 0, 0, 0, 0, 0, 0, 0]', '[2, 3, 1, 0, 0, 0, 0, 0, 0, 0, 0, 0]', '[2, 3, 2, 0, 0, 0, 0, 0, 0, 0, 0, 0]', '[2, 3, 3, 0, 0, 0, 0, 0, 0, 0, 0, 0]', '[2, 3, 3, 1, 0, 0, 0, 0, 0, 0, 0, 0]', '[2, 3, 3, 2, 0, 0, 0, 0, 0, 0, 0, 0]', '[2, 3, 3, 3, 0, 0, 0, 0, 0, 0, 0, 0]', '[2, 3, 3, 4, 0, 0, 0, 0, 0, 0, 0, 0]', '[2, 3, 3, 5, 0, 0, 0, 0, 0, 0, 0, 0]', 'end']

, 7, 0, 0, 0, 0, 0, 0, 0, 0]', '[5, 3, 4, 7, 0, 0, 0, 0, 1, 0, 0, 0]', '[5, 3, 4, 7, 1, 0, 0, 0, 1, 0, 0, 0]', '[5, 3, 4, 7, 2, 0, 0, 0, 1, 0, 0, 0]', 'end']

, 2, 0, 0, 0, 1, 0, 0, 0, 0]', '[3, 4, 8, 2, 0, 0, 0, 2, 0, 0, 0, 0]', '[3, 4, 8, 2, 1, 0, 0, 2, 0, 0, 0, 0]', 'end']

 4, 0, 0, 0, 1, 0, 0, 0, 0]', '[3, 4, 9, 4, 0, 0, 0, 2, 0, 0, 0, 0]', '[3, 4, 9, 4, 1, 0, 0, 2, 0, 0, 0, 0]', 'end']

, 0, 0, 0, 2, 1, 0, 0, 0, 0, 0]', '[11, 11, 0, 0, 0, 2, 1, 0, 0, 0, 0, 0]', '[12, 11, 0, 0, 0, 2, 1, 0, 0, 0, 0, 0]', '[13, 11, 0, 0, 0, 2, 1, 0, 0, 0, 0, 0]', '[14, 11, 0, 0, 0, 2, 1, 0, 0, 0, 0, 0]', '[15, 11, 0, 0, 0, 2, 1, 0, 0, 0, 0, 0]', 'end']

