['[1, 0, 0, 0, 0, 0, 0, 0, 0, 0, 0, 0]',
'[2, 0, 0, 0, 0, 0, 0, 0, 0, 0, 0, 0]',
'[3, 0, 0, 0, 0, 0, 0, 0, 0, 0, 0, 0]',
'[4, 0, 0, 0, 0, 0, 0, 0, 0, 0, 0, 0]',
'[5, 0, 0, 0, 0, 0, 0, 0, 0, 0, 0, 0]',
'[5, 1, 0, 0, 0, 0, 0, 0, 0, 0, 0, 0]',
'[5, 2, 0, 0, 0, 0, 0, 0, 0, 0, 0, 0]',
'[5, 3, 0, 0, 0, 0, 0, 0, 0, 0, 0, 0]',
'[5, 4, 0, 0, 0, 0, 0, 0, 0, 0, 0, 0]',
'[5, 5, 0, 0, 0, 0, 0, 0, 0, 0, 0, 0]',
'[5, 5, 0, 0, 0, 1, 0, 0, 0, 0, 0, 0]',
'[6, 5, 0, 0, 0, 1, 0, 0, 0, 0, 0, 0]',
'[7, 5, 0, 0, 0, 1, 0, 0, 0, 0, 0, 0]',
'[8, 5, 0, 0, 0, 1, 0, 0, 0, 0, 0, 0]',
'[8, 6, 0, 0, 0, 1, 0, 0, 0, 0, 0, 0]',
'[9, 6, 0, 0, 0, 1, 0, 0, 0, 0, 0, 0]',
'[9, 7, 0, 0, 0, 1, 0, 0, 0, 0, 0, 0]',
'[9, 7, 0, 0, 0, 1, 1, 0, 0, 0, 0, 0]',
'[9, 8, 0, 0, 0, 1, 1, 0, 0, 0, 0, 0]',
'[9, 9, 0, 0, 0, 1, 1, 0, 0, 0, 0, 0]',
'[9, 9, 1, 0, 0, 1, 1, 0, 0, 0, 0, 0]',
'[9, 10, 1, 0, 0, 1, 1, 0, 0, 0, 0, 0]',
'[9, 10, 2, 0, 0, 1, 1, 0, 0, 0, 0, 0]',
'[9, 11, 2, 0, 0, 1, 1, 0, 0, 0, 0, 0]',
'[9, 11, 3, 0, 0, 1, 1, 0, 0, 0, 0, 0]',
'[9, 12, 3, 0, 0, 1, 1, 0, 0, 0, 0, 0]',
'[9, 12, 4, 0, 0, 1, 1, 0, 0, 0, 0, 0]',
'[10, 12, 4, 0, 0, 1, 1, 0, 0, 0, 0, 0]',
'[10, 12, 4, 0, 0, 2, 1, 0, 0, 0, 0, 0]',
'[11, 12, 4, 0, 0, 2, 1, 0, 0, 0, 0, 0]',
'[12, 12, 4, 0, 0, 2, 1, 0, 0, 0, 0, 0]',
'[13, 12, 4, 0, 0, 2, 1, 0, 0, 0, 0, 0]',
'[14, 12, 4, 0, 0, 2, 1, 0, 0, 0, 0, 0]',
'[15, 12, 4, 0, 0, 2, 1, 0, 0, 0, 0, 0]',
'[15, 12, 5, 0, 0, 2, 1, 0, 0, 0, 0, 0]',
'[15, 13, 5, 0, 0, 2, 1, 0, 0, 0, 0, 0]',
'[15, 13, 5, 0, 0, 2, 2, 0, 0, 0, 0, 0]',
'[15, 14, 5, 0, 0, 2, 2, 0, 0, 0, 0, 0]',
'[15, 15, 5, 0, 0, 2, 2, 0, 0, 0, 0, 0]',
'[15, 16, 5, 0, 0, 2, 2, 0, 0, 0, 0, 0]',
'[15, 17, 5, 0, 0, 2, 2, 0, 0, 0, 0, 0]',
'[15, 18, 5, 0, 0, 2, 2, 0, 0, 0, 0, 0]',
'[15, 18, 6, 0, 0, 2, 2, 0, 0, 0, 0, 0]',
'[16, 18, 6, 0, 0, 2, 2, 0, 0, 0, 0, 0]',
'[16, 18, 6, 0, 0, 2, 2, 1, 0, 0, 0, 0]',
'[16, 18, 7, 0, 0, 2, 2, 1, 0, 0, 0, 0]',
'[16, 18, 8, 0, 0, 2, 2, 1, 0, 0, 0, 0]',
'[16, 18, 9, 0, 0, 2, 2, 1, 0, 0, 0, 0]',
'[16, 18, 10, 0, 0, 2, 2, 1, 0, 0, 0, 0]',
'[16, 18, 11, 0, 0, 2, 2, 1, 0, 0, 0, 0]',
'[16, 18, 11, 1, 0, 2, 2, 1, 0, 0, 0, 0]',
'[16, 19, 11, 1, 0, 2, 2, 1, 0, 0, 0, 0]',
'[16, 19, 12, 1, 0, 2, 2, 1, 0, 0, 0, 0]',
'[16, 19, 12, 2, 0, 2, 2, 1, 0, 0, 0, 0]',
'[17, 19, 12, 2, 0, 2, 2, 1, 0, 0, 0, 0]',
'[17, 20, 12, 2, 0, 2, 2, 1, 0, 0, 0, 0]',
'[17, 20, 12, 3, 0, 2, 2, 1, 0, 0, 0, 0]',
'[17, 20, 13, 3, 0, 2, 2, 1, 0, 0, 0, 0]',
'[17, 20, 13, 3, 0, 2, 2, 2, 0, 0, 0, 0]',
'[17, 20, 14, 3, 0, 2, 2, 2, 0, 0, 0, 0]',
'[17, 20, 15, 3, 0, 2, 2, 2, 0, 0, 0, 0]',
'[17, 20, 16, 3, 0, 2, 2, 2, 0, 0, 0, 0]',
'[17, 20, 17, 3, 0, 2, 2, 2, 0, 0, 0, 0]',
'[17, 20, 17, 3, 0, 2, 2, 2, 0, 0, 1, 0]',
'[17, 21, 17, 3, 0, 2, 2, 2, 0, 0, 1, 0]',
'[17, 22, 17, 3, 0, 2, 2, 2, 0, 0, 1, 0]',
'[17, 23, 17, 3, 0, 2, 2, 2, 0, 0, 1, 0]',
'[17, 24, 17, 3, 0, 2, 2, 2, 0, 0, 1, 0]',
'[17, 25, 17, 3, 0, 2, 2, 2, 0, 0, 1, 0]',
'[17, 26, 17, 3, 0, 2, 2, 2, 0, 0, 1, 0]',
'[17, 27, 17, 3, 0, 2, 2, 2, 0, 0, 1, 0]',
'[17, 27, 17, 3, 0, 2, 3, 2, 0, 0, 1, 0]',
'[17, 28, 17, 3, 0, 2, 3, 2, 0, 0, 1, 0]',
'[17, 29, 17, 3, 0, 2, 3, 2, 0, 0, 1, 0]',
'[17, 30, 17, 3, 0, 2, 3, 2, 0, 0, 1, 0]',
'[17, 30, 18, 3, 0, 2, 3, 2, 0, 0, 1, 0]',
'[17, 31, 18, 3, 0, 2, 3, 2, 0, 0, 1, 0]',
'[17, 31, 19, 3, 0, 2, 3, 2, 0, 0, 1, 0]',
'[17, 31, 20, 3, 0, 2, 3, 2, 0, 0, 1, 0]',
'[17, 32, 20, 3, 0, 2, 3, 2, 0, 0, 1, 0]',
'[17, 33, 20, 3, 0, 2, 3, 2, 0, 0, 1, 0]',
'[17, 33, 20, 4, 0, 2, 3, 2, 0, 0, 1, 0]',
'[18, 33, 20, 4, 0, 2, 3, 2, 0, 0, 1, 0]',
'[18, 33, 21, 4, 0, 2, 3, 2, 0, 0, 1, 0]',
'[18, 34, 21, 4, 0, 2, 3, 2, 0, 0, 1, 0]',
'[18, 34, 21, 5, 0, 2, 3, 2, 0, 0, 1, 0]',
'[19, 34, 21, 5, 0, 2, 3, 2, 0, 0, 1, 0]',
'[19, 34, 22, 5, 0, 2, 3, 2, 0, 0, 1, 0]',
'[19, 35, 22, 5, 0, 2, 3, 2, 0, 0, 1, 0]',
'[19, 35, 22, 6, 0, 2, 3, 2, 0, 0, 1, 0]',
'[19, 35, 22, 6, 0, 2, 3, 2, 1, 0, 1, 0]',
'[19, 35, 22, 7, 0, 2, 3, 2, 1, 0, 1, 0]',
'[19, 35, 22, 8, 0, 2, 3, 2, 1, 0, 1, 0]',
'[19, 35, 22, 9, 0, 2, 3, 2, 1, 0, 1, 0]',
'[19, 35, 22, 10, 0, 2, 3, 2, 1, 0, 1, 0]',
'[19, 35, 22, 11, 0, 2, 3, 2, 1, 0, 1, 0]',
'[19, 35, 22, 12, 0, 2, 3, 2, 1, 0, 1, 0]',
'[19, 35, 22, 13, 0, 2, 3, 2, 1, 0, 1, 0]',
'[19, 35, 23, 13, 0, 2, 3, 2, 1, 0, 1, 0]',
'[19, 36, 23, 13, 0, 2, 3, 2, 1, 0, 1, 0]',
'end']