['[1, 0, 0, 0, 0, 0, 0, 0, 0, 0, 0, 0]', 
'[2, 0, 0, 0, 0, 0, 0, 0, 0, 0, 0, 0]', 
'[3, 0, 0, 0, 0, 0, 0, 0, 0, 0, 0, 0]', 
'[4, 0, 0, 0, 0, 0, 0, 0, 0, 0, 0, 0]', 
'[5, 0, 0, 0, 0, 0, 0, 0, 0, 0, 0, 0]', 
'[5, 1, 0, 0, 0, 0, 0, 0, 0, 0, 0, 0]', 
'[5, 2, 0, 0, 0, 0, 0, 0, 0, 0, 0, 0]', 
'[5, 3, 0, 0, 0, 0, 0, 0, 0, 0, 0, 0]', 
'[5, 4, 0, 0, 0, 0, 0, 0, 0, 0, 0, 0]', 
'[5, 5, 0, 0, 0, 0, 0, 0, 0, 0, 0, 0]', 
'[5, 6, 0, 0, 0, 0, 0, 0, 0, 0, 0, 0]', 
'[5, 7, 0, 0, 0, 0, 0, 0, 0, 0, 0, 0]', 
'[5, 7, 0, 0, 0, 0, 1, 0, 0, 0, 0, 0]', 
'[5, 8, 0, 0, 0, 0, 1, 0, 0, 0, 0, 0]', 
'[5, 9, 0, 0, 0, 0, 1, 0, 0, 0, 0, 0]', 
'[5, 10, 0, 0, 0, 0, 1, 0, 0, 0, 0, 0]', 
'[5, 10, 1, 0, 0, 0, 1, 0, 0, 0, 0, 0]', 
'[5, 10, 2, 0, 0, 0, 1, 0, 0, 0, 0, 0]', 
'[5, 11, 2, 0, 0, 0, 1, 0, 0, 0, 0, 0]', 
'[5, 11, 3, 0, 0, 0, 1, 0, 0, 0, 0, 0]', 
'[5, 12, 3, 0, 0, 0, 1, 0, 0, 0, 0, 0]', 
'[5, 12, 4, 0, 0, 0, 1, 0, 0, 0, 0, 0]', 
'[5, 12, 5, 0, 0, 0, 1, 0, 0, 0, 0, 0]', 
'[5, 12, 5, 0, 0, 0, 2, 0, 0, 0, 0, 0]', 
'[5, 12, 6, 0, 0, 0, 2, 0, 0, 0, 0, 0]', 
'[5, 12, 7, 0, 0, 0, 2, 0, 0, 0, 0, 0]', 
'[5, 12, 8, 0, 0, 0, 2, 0, 0, 0, 0, 0]', 
'[5, 12, 9, 0, 0, 0, 2, 0, 0, 0, 0, 0]', 
'[5, 12, 9, 0, 0, 0, 2, 1, 0, 0, 0, 0]', 
'[5, 12, 10, 0, 0, 0, 2, 1, 0, 0, 0, 0]', 
'[5, 12, 11, 0, 0, 0, 2, 1, 0, 0, 0, 0]', 
'[5, 12, 11, 1, 0, 0, 2, 1, 0, 0, 0, 0]', 
'[5, 12, 12, 1, 0, 0, 2, 1, 0, 0, 0, 0]', 
'[5, 12, 12, 2, 0, 0, 2, 1, 0, 0, 0, 0]', 
'[5, 12, 12, 3, 0, 0, 2, 1, 0, 0, 0, 0]', 
'[5, 12, 12, 4, 0, 0, 2, 1, 0, 0, 0, 0]', 
'[5, 12, 12, 5, 0, 0, 2, 1, 0, 0, 0, 0]', 
'[5, 12, 12, 6, 0, 0, 2, 1, 0, 0, 0, 0]', 
'[5, 12, 12, 7, 0, 0, 2, 1, 0, 0, 0, 0]', 
'[5, 12, 12, 8, 0, 0, 2, 1, 0, 0, 0, 0]', 
'[5, 12, 12, 9, 0, 0, 2, 1, 0, 0, 0, 0]', 
'[5, 13, 12, 9, 0, 0, 2, 1, 0, 0, 0, 0]', 
'[5, 14, 12, 9, 0, 0, 2, 1, 0, 0, 0, 0]', 
'[5, 15, 12, 9, 0, 0, 2, 1, 0, 0, 0, 0]', 
'[5, 16, 12, 9, 0, 0, 2, 1, 0, 0, 0, 0]', 
'[5, 17, 12, 9, 0, 0, 2, 1, 0, 0, 0, 0]', 
'[5, 17, 13, 9, 0, 0, 2, 1, 0, 0, 0, 0]', 
'[5, 17, 14, 9, 0, 0, 2, 1, 0, 0, 0, 0]', 
'[5, 17, 15, 9, 0, 0, 2, 1, 0, 0, 0, 0]', 
'[5, 17, 16, 9, 0, 0, 2, 1, 0, 0, 0, 0]', 
'[5, 17, 17, 9, 0, 0, 2, 1, 0, 0, 0, 0]', 
'[5, 17, 18, 9, 0, 0, 2, 1, 0, 0, 0, 0]', 
'[5, 17, 19, 9, 0, 0, 2, 1, 0, 0, 0, 0]', 
'[5, 17, 20, 9, 0, 0, 2, 1, 0, 0, 0, 0]', 
'[5, 17, 21, 9, 0, 0, 2, 1, 0, 0, 0, 0]', 
'[5, 17, 22, 9, 0, 0, 2, 1, 0, 0, 0, 0]', 
'[5, 17, 23, 9, 0, 0, 2, 1, 0, 0, 0, 0]', 
'[5, 17, 24, 9, 0, 0, 2, 1, 0, 0, 0, 0]', 
'[5, 17, 24, 9, 0, 1, 2, 1, 0, 0, 0, 0]', 
'[6, 17, 24, 9, 0, 1, 2, 1, 0, 0, 0, 0]', 
'[7, 17, 24, 9, 0, 1, 2, 1, 0, 0, 0, 0]', 
'[7, 18, 24, 9, 0, 1, 2, 1, 0, 0, 0, 0]', 
'[7, 19, 24, 9, 0, 1, 2, 1, 0, 0, 0, 0]', 
'[7, 20, 24, 9, 0, 1, 2, 1, 0, 0, 0, 0]', 
'[7, 20, 24, 9, 0, 2, 2, 1, 0, 0, 0, 0]', 
'[7, 21, 24, 9, 0, 2, 2, 1, 0, 0, 0, 0]', 
'[7, 22, 24, 9, 0, 2, 2, 1, 0, 0, 0, 0]', 
'[7, 23, 24, 9, 0, 2, 2, 1, 0, 0, 0, 0]', 
'[7, 24, 24, 9, 0, 2, 2, 1, 0, 0, 0, 0]', 
'[7, 25, 24, 9, 0, 2, 2, 1, 0, 0, 0, 0]', 
'[7, 26, 24, 9, 0, 2, 2, 1, 0, 0, 0, 0]', 
'[7, 27, 24, 9, 0, 2, 2, 1, 0, 0, 0, 0]', 
'[7, 28, 24, 9, 0, 2, 2, 1, 0, 0, 0, 0]', 
'[7, 29, 24, 9, 0, 2, 2, 1, 0, 0, 0, 0]', 
'[7, 30, 24, 9, 0, 2, 2, 1, 0, 0, 0, 0]', 
'[7, 31, 24, 9, 0, 2, 2, 1, 0, 0, 0, 0]', 
'[7, 32, 24, 9, 0, 2, 2, 1, 0, 0, 0, 0]', 
'[7, 33, 24, 9, 0, 2, 2, 1, 0, 0, 0, 0]', 
'[7, 34, 24, 9, 0, 2, 2, 1, 0, 0, 0, 0]', 
'[7, 35, 24, 9, 0, 2, 2, 1, 0, 0, 0, 0]', 
'[7, 36, 24, 9, 0, 2, 2, 1, 0, 0, 0, 0]', 
'[8, 36, 24, 9, 0, 2, 2, 1, 0, 0, 0, 0]', 
'[9, 36, 24, 9, 0, 2, 2, 1, 0, 0, 0, 0]', 
'[10, 36, 24, 9, 0, 2, 2, 1, 0, 0, 0, 0]', 
'[11, 36, 24, 9, 0, 2, 2, 1, 0, 0, 0, 0]', 
'[12, 36, 24, 9, 0, 2, 2, 1, 0, 0, 0, 0]', 
'[13, 36, 24, 9, 0, 2, 2, 1, 0, 0, 0, 0]', 
'[14, 36, 24, 9, 0, 2, 2, 1, 0, 0, 0, 0]', 
'[15, 36, 24, 9, 0, 2, 2, 1, 0, 0, 0, 0]', 
'[15, 36, 24, 9, 0, 3, 2, 1, 0, 0, 0, 0]', 
'[16, 36, 24, 9, 0, 3, 2, 1, 0, 0, 0, 0]', 
'[17, 36, 24, 9, 0, 3, 2, 1, 0, 0, 0, 0]', 
'[18, 36, 24, 9, 0, 3, 2, 1, 0, 0, 0, 0]', 
'[19, 36, 24, 9, 0, 3, 2, 1, 0, 0, 0, 0]', 
'[20, 36, 24, 9, 0, 3, 2, 1, 0, 0, 0, 0]', 
'[21, 36, 24, 9, 0, 3, 2, 1, 0, 0, 0, 0]', 
'[22, 36, 24, 9, 0, 3, 2, 1, 0, 0, 0, 0]', 
'[23, 36, 24, 9, 0, 3, 2, 1, 0, 0, 0, 0]', 
'[24, 36, 24, 9, 0, 3, 2, 1, 0, 0, 0, 0]', 
'[25, 36, 24, 9, 0, 3, 2, 1, 0, 0, 0, 0]', 
'[26, 36, 24, 9, 0, 3, 2, 1, 0, 0, 0, 0]', 
'[27, 36, 24, 9, 0, 3, 2, 1, 0, 0, 0, 0]', 
'[28, 36, 24, 9, 0, 3, 2, 1, 0, 0, 0, 0]', 
'[29, 36, 24, 9, 0, 3, 2, 1, 0, 0, 0, 0]', 
'[30, 36, 24, 9, 0, 3, 2, 1, 0, 0, 0, 0]', 
'[31, 36, 24, 9, 0, 3, 2, 1, 0, 0, 0, 0]', 
'[32, 36, 24, 9, 0, 3, 2, 1, 0, 0, 0, 0]', 
'[33, 36, 24, 9, 0, 3, 2, 1, 0, 0, 0, 0]', 
'[34, 36, 24, 9, 0, 3, 2, 1, 0, 0, 0, 0]', 
'[35, 36, 24, 9, 0, 3, 2, 1, 0, 0, 0, 0]', 
'[36, 36, 24, 9, 0, 3, 2, 1, 0, 0, 0, 0]', 
'end']